n <- 100
m <- n*(n+1)/2
m * m

a <- 1000
b <- a*(a+1)/2
b * b

